-0.00055665 -0.00031258 89.94934199 -0.00000721 0.00000732 0.00000000 -0.00000007 0.00000007 0.00000000 1713596194.97681475 0
-0.00258335 -0.00039468 89.95032210 -0.00001783 0.00001140 0.00000000 -0.00000032 0.00000026 0.00000000 1713596194.99407530 0
-0.00180296 -0.00003457 89.94912708 -0.00000680 0.00004485 0.00000000 -0.00000057 0.00000083 0.00000000 1713596195.01966739 0
-0.00221387 0.00112548 89.94854602 0.00002342 0.00003803 0.00000000 -0.00000040 0.00000166 0.00000000 1713596195.03447413 0
0.00333539 0.00080120 89.94592691 0.03074743 0.00063449 0.00000000 0.00030680 0.00000841 0.00000000 1713596195.05427361 0
0.00507731 0.00023247 89.93612905 0.04662056 -0.00141140 0.00059631 0.00130064 0.00002705 0.00000000 1713596209.71927834 0
0.00265088 0.00424361 89.89433599 0.07918876 0.00339406 0.00000000 0.00255667 0.00004696 0.00000000 1713596209.72167110 0
0.00057863 -0.00094199 89.84276615 0.10787720 -0.00555135 0.00000000 0.00442426 0.00002530 0.00000000 1713596209.72415328 0
0.00530947 0.00089640 89.78455213 0.16065361 -0.00126330 0.00000000 0.00710517 -0.00004313 0.00000000 1713596209.72714329 0
0.00042769 -0.00072082 89.73032557 0.19222902 -0.00228339 0.00000000 0.01062821 -0.00007874 0.00000000 1713596209.72955489 0
-0.00160277 0.00072312 89.66777603 0.22840394 0.00023860 0.00000000 0.01482764 -0.00009927 0.00000000 1713596209.73266745 0
-0.00327480 0.00231563 89.62781704 0.26676167 0.00026875 0.00000000 0.01977118 -0.00009418 0.00000000 1713596209.73851681 0
-0.00253836 -0.00003352 89.58254912 0.31118923 -0.00438637 0.00000000 0.02554122 -0.00013552 0.00000000 1713596209.74181509 0
-0.00121626 -0.00047399 89.54906885 0.34015095 -0.00147983 0.00000000 0.03204394 -0.00019442 0.00000000 1713596209.74442744 0
-0.00156499 -0.00230987 89.55150187 0.35825864 -0.01737032 0.00000000 0.03901658 -0.00038369 0.00000000 1713596209.74726510 0
-0.00438569 -0.00392585 89.57292766 0.38741717 -0.00784583 0.00000000 0.04646112 -0.00063688 0.00000000 1713596209.74973965 0
-0.00181872 0.00126979 89.24312727 0.44027998 0.00381449 0.00000000 0.05472452 -0.00067736 0.00000000 1713596209.75165987 0
-0.00291264 -0.00521439 89.07887258 0.45819384 -0.01301780 0.00000000 0.06369453 -0.00076977 0.00000000 1713596209.75402355 0
-0.00285904 -0.00257961 89.51775349 0.40393777 -0.03560633 0.00000000 0.07230171 -0.00125800 0.00000000 1713596209.75632095 0
-0.00172796 -0.00041356 89.48300375 0.46259691 -0.00165851 0.00000000 0.08095285 -0.00163216 0.00000000 1713596209.75869513 0
-0.00342438 -0.00023711 89.62223091 0.42865678 -0.03123386 0.00000000 0.08985077 -0.00196243 0.00000000 1713596209.76167297 0
-0.00135561 0.00119224 89.64302543 0.47680667 0.00343062 0.00000000 0.09889056 -0.00224159 0.00000000 1713596209.76412344 0
-0.00448275 0.00180323 89.69241362 0.47238820 0.00221434 0.00000000 0.10836695 -0.00218492 0.00000000 1713596209.77080822 0
-0.00456598 0.00132697 89.70578461 0.47739976 -0.00021241 0.00000000 0.11784926 -0.00216481 0.00000000 1713596209.77316022 0
-0.00436467 0.00110693 89.70533022 0.47801902 -0.00043759 0.00000000 0.12738778 -0.00217134 0.00000000 1713596209.77642512 0
-0.00379029 0.00073331 89.70752087 0.47797075 -0.00046858 0.00000000 0.13693201 -0.00218044 0.00000000 1713596209.78116035 0
-0.00400077 -0.00002857 89.70925382 0.47741922 -0.00055694 0.00000000 0.14647024 -0.00219074 0.00000000 1713596209.78445959 0
-0.00572738 -0.00176223 89.71328963 0.47677421 -0.00110706 0.00000000 0.15599653 -0.00220744 0.00000000 1713596209.78708863 0
-0.00809074 0.00002222 89.71691693 0.47739934 -0.00088992 0.00000000 0.16552263 -0.00222749 0.00000000 1713596209.78999138 0
-0.00681424 -0.00082462 89.71978931 0.47838197 -0.00052337 0.00000000 0.17506477 -0.00224169 0.00000000 1713596209.79293108 0
-0.00623193 -0.00004414 89.72010952 0.47828721 -0.00045264 0.00000000 0.18461578 -0.00225149 0.00000000 1713596209.79760051 0
-0.00683762 0.00058145 89.72304413 0.47812582 -0.00042859 0.00000000 0.19416423 -0.00226033 0.00000000 1713596209.79961014 0
-0.00710772 0.00065303 89.72620826 0.47808286 -0.00037793 0.00000000 0.20371064 -0.00226843 0.00000000 1713596209.80137157 0
-0.00820256 -0.00056885 89.72795714 0.47811850 -0.00056600 0.00000000 0.21325697 -0.00227791 0.00000000 1713596209.80330610 0
-0.00904896 -0.00055888 89.73072620 0.47809897 -0.00053242 0.00000000 0.22280347 -0.00228894 0.00000000 1713596209.80525732 0
-0.00970402 -0.00212880 89.73189515 0.47806883 -0.00052223 0.00000000 0.23234947 -0.00229953 0.00000000 1713596209.80723500 0
-0.01132103 -0.00680441 89.82185174 0.43221134 -0.03116488 0.00000000 0.24143735 -0.00261769 0.00000000 1713596209.80947900 0
-0.01284886 -0.00601053 89.99028222 0.44705898 -0.02037497 0.00000000 0.25021564 -0.00313519 0.00000000 1713596209.81169057 0
-0.01104595 -0.00178921 89.94986985 0.47802318 -0.00102868 0.00000000 0.25945129 -0.00335010 0.00000000 1713596209.81384873 0
-0.00992228 -0.00371775 89.94105952 0.47694643 -0.00150541 0.00000000 0.26898533 -0.00337555 0.00000000 1713596209.81534433 0
-0.00837999 -0.00480598 90.04085145 0.47616133 -0.00277408 0.00000000 0.27850078 -0.00341852 0.00000000 1713596209.81653976 0
-0.01075831 -0.00899698 90.05474633 0.47349605 -0.01425076 0.00000000 0.28798179 -0.00358946 0.00000000 1713596209.81775665 0
-0.00845427 -0.00513670 90.17261466 0.46724312 -0.00301731 0.00000000 0.29737376 -0.00376284 0.00000000 1713596209.81906152 0
-0.00741643 -0.00189725 90.15523602 0.47873299 -0.00388939 0.00000000 0.30681801 -0.00383219 0.00000000 1713596209.82055712 0
-0.00791057 -0.00296028 90.15752159 0.47850844 -0.00415049 0.00000000 0.31637473 -0.00391292 0.00000000 1713596209.82217932 0
-0.00751984 -0.00237190 90.15810854 0.47824433 -0.00426923 0.00000000 0.32592657 -0.00399746 0.00000000 1713596209.82396078 0
-0.00731569 -0.00245597 90.16019658 0.47822712 -0.00442947 0.00000000 0.33547560 -0.00408480 0.00000000 1713596209.82578683 0
-0.00657486 -0.00215781 90.16106921 0.47771766 -0.00461900 0.00000000 0.34501938 -0.00417566 0.00000000 1713596209.82752061 0
-0.00721124 -0.00279701 90.16365188 0.47814031 -0.00466919 0.00000000 0.35456229 -0.00426892 0.00000000 1713596209.83043504 0
-0.00837911 -0.00348877 90.16543738 0.47801103 -0.00462975 0.00000000 0.36410813 -0.00436229 0.00000000 1713596209.83260274 0
-0.00595257 -0.00284199 90.16715581 0.47809757 -0.00455830 0.00000000 0.37365354 -0.00445454 0.00000000 1713596209.84024882 0
-0.00595493 -0.00404903 90.16873765 0.47830665 -0.00443199 0.00000000 0.38320190 -0.00454481 0.00000000 1713596209.84249449 0
-0.00621732 -0.00480800 90.17087148 0.47890480 -0.00420384 0.00000000 0.39275832 -0.00463152 0.00000000 1713596209.84433198 0
-0.00614200 -0.00484841 90.17154366 0.47885197 -0.00418182 0.00000000 0.40232018 -0.00471572 0.00000000 1713596209.84640503 0
-0.00720830 -0.00425625 90.17497124 0.47886739 -0.00417857 0.00000000 0.41188168 -0.00479966 0.00000000 1713596209.84811783 0
-0.00621234 -0.00373764 90.17740834 0.47891416 -0.00426342 0.00000000 0.42144379 -0.00488443 0.00000000 1713596209.84971809 0
-0.00688824 -0.00449491 90.17959682 0.47895633 -0.00427539 0.00000000 0.43100679 -0.00497016 0.00000000 1713596209.85135913 0
-0.00677583 -0.00464806 90.33984903 0.45271870 -0.02317145 0.00000000 0.44030826 -0.00524575 0.00000000 1713596209.85353661 0
-0.00477484 -0.00427682 90.48543879 0.44193522 -0.02897379 0.00000000 0.44924014 -0.00576933 0.00000000 1713596209.85671473 0
-0.00399701 -0.00724606 90.36087509 0.47671902 -0.00279882 0.00000000 0.45841162 -0.00608835 0.00000000 1713596209.86487651 0
-0.00602356 -0.00569982 90.36277426 0.47831278 -0.00629653 0.00000000 0.46794628 -0.00617968 0.00000000 1713596209.86728930 0
-0.00729418 -0.00473716 90.36404733 0.47817535 -0.00631671 0.00000000 0.47749548 -0.00630633 0.00000000 1713596209.86881065 0
-0.00716713 -0.00585080 90.36618792 0.47912969 -0.00586984 0.00000000 0.48705283 -0.00642869 0.00000000 1713596209.87037325 0
-0.00845678 -0.00635320 90.36535202 0.47827725 -0.00596864 0.00000000 0.49661121 -0.00654756 0.00000000 1713596209.87193370 0
-0.00820122 -0.00548161 90.36552270 0.47827007 -0.00610827 0.00000000 0.50616100 -0.00666882 0.00000000 1713596209.87431812 0
-0.00983519 -0.00517355 90.36593573 0.47832313 -0.00607688 0.00000000 0.51571125 -0.00679117 0.00000000 1713596209.87659764 0
-0.00834482 -0.00499440 90.36851262 0.47920612 -0.00599566 0.00000000 0.52527084 -0.00691238 0.00000000 1713596209.87896872 0
-0.00854288 -0.00555929 90.37110967 0.47925707 -0.00591510 0.00000000 0.53483976 -0.00703198 0.00000000 1713596209.88091207 0
-0.00937698 -0.00508741 90.37350238 0.47912963 -0.00586093 0.00000000 0.54440791 -0.00715022 0.00000000 1713596209.88317633 0
-0.00964973 -0.00416253 90.37466661 0.47859374 -0.00586614 0.00000000 0.55396944 -0.00726797 0.00000000 1713596209.88511157 0
-0.00991403 -0.00391204 90.37748151 0.47713664 -0.00684515 0.00000000 0.56351108 -0.00739560 0.00000000 1713596209.88661551 0
-0.01122832 -0.00334987 90.37982503 0.47812181 -0.00732053 0.00000000 0.57304800 -0.00753783 0.00000000 1713596209.88821435 0
-0.01112274 -0.00421451 90.38130544 0.47948020 -0.00595920 0.00000000 0.58260832 -0.00767117 0.00000000 1713596209.89020252 0
-0.01093081 -0.00410148 90.38396983 0.47949270 -0.00594037 0.00000000 0.59218233 -0.00779065 0.00000000 1713596209.89225745 0
-0.01145307 -0.00443474 90.38575746 0.47948118 -0.00598439 0.00000000 0.60175635 -0.00791039 0.00000000 1713596209.89437056 0
-0.01193017 -0.00581128 90.38752844 0.47952862 -0.00595789 0.00000000 0.61133072 -0.00803030 0.00000000 1713596209.89661932 0
-0.01187435 -0.00586127 90.38905253 0.47959598 -0.00595477 0.00000000 0.62090624 -0.00814991 0.00000000 1713596209.89811826 0
-0.01250310 -0.00570586 90.54972317 0.44237477 -0.02451834 0.00000000 0.63011084 -0.00845588 0.00000000 1713596209.89967728 0
-0.01101636 -0.00624985 90.59473430 0.45289534 -0.01170581 0.00000000 0.63904886 -0.00881960 0.00000000 1713596209.90112925 0
-0.01170813 -0.00317567 90.62195614 0.45274987 -0.02704853 0.00000000 0.64809046 -0.00920873 0.00000000 1713596209.90294695 0
-0.01422135 -0.00837577 90.76678360 0.46048229 -0.01477566 0.00000000 0.65720781 -0.00962867 0.00000000 1713596209.90577364 0
-0.01468855 -0.00749535 90.86167842 0.46314186 -0.02182865 0.00000000 0.66642891 -0.00999621 0.00000000 1713596209.90809274 0
-0.01521588 -0.00396188 90.91701563 0.46611933 -0.01357374 0.00000000 0.67570629 -0.01035168 0.00000000 1713596209.91006207 0
-0.01408792 -0.00282042 91.00216039 0.44860942 -0.02588079 0.00000000 0.68483858 -0.01074783 0.00000000 1713596209.91183329 0
-0.01621235 -0.00667962 90.98163851 0.46365022 -0.02062707 0.00000000 0.69394622 -0.01121481 0.00000000 1713596209.91420794 0
-0.01038104 -0.00204800 90.99915967 0.47522978 -0.00883200 0.00000000 0.70331963 -0.01151060 0.00000000 1713596209.91581178 0
-0.01254595 -0.00545331 91.06641213 0.45853584 -0.01989933 0.00000000 0.71264197 -0.01179908 0.00000000 1713596209.91777372 0
-0.01149571 -0.00695327 91.17938104 0.45414296 -0.01667495 0.00000000 0.72175380 -0.01216632 0.00000000 1713596209.91976357 0
-0.01094259 -0.00867870 91.12284371 0.47972643 -0.01185079 0.00000000 0.73107718 -0.01245274 0.00000000 1713596209.92175102 0
-0.01205606 -0.00763969 91.12210965 0.47990935 -0.01242916 0.00000000 0.74065781 -0.01269653 0.00000000 1713596209.92354703 0
-0.01087708 -0.00796005 91.12413900 0.47801953 -0.01298733 0.00000000 0.75022139 -0.01295173 0.00000000 1713596209.92577386 0
-0.01359790 -0.00913244 91.12687275 0.47917869 -0.01318164 0.00000000 0.75977768 -0.01321449 0.00000000 1713596209.92805600 0
-0.01079425 -0.00881006 91.12752026 0.48034866 -0.01221299 0.00000000 0.76935722 -0.01346947 0.00000000 1713596209.93003869 0
-0.01129119 -0.00963024 91.12689000 0.47947499 -0.01219857 0.00000000 0.77893972 -0.01371458 0.00000000 1713596209.93219399 0
-0.01173236 -0.01109161 91.12653883 0.47950327 -0.01231274 0.00000000 0.78851378 -0.01396069 0.00000000 1713596209.93478632 0
-0.01237225 -0.01164785 91.12679606 0.47956846 -0.01227251 0.00000000 0.79808877 -0.01420755 0.00000000 1713596209.93805456 0
-0.01258722 -0.01411451 91.12509248 0.47963722 -0.01223638 0.00000000 0.80766511 -0.01445364 0.00000000 1713596209.94139385 0
-0.01341010 -0.01278306 91.12523143 0.47972312 -0.01217731 0.00000000 0.81724298 -0.01469877 0.00000000 1713596209.94490051 0
-0.01381663 -0.01221054 91.12791168 0.48062554 -0.01204759 0.00000000 0.82683072 -0.01494201 0.00000000 1713596209.94661546 0
-0.01224087 -0.01164556 91.12800525 0.48060652 -0.01193595 0.00000000 0.83642728 -0.01518282 0.00000000 1713596209.94821644 0
-0.01002638 -0.01116714 91.12878806 0.48004054 -0.01191837 0.00000000 0.84601800 -0.01542234 0.00000000 1713596209.95172787 0
-0.01043115 -0.01209234 91.12946326 0.47986246 -0.01187048 0.00000000 0.85560130 -0.01566120 0.00000000 1713596209.95665336 0
-0.01049200 -0.01187339 91.13231508 0.47909533 -0.01274047 0.00000000 0.86517515 -0.01590831 0.00000000 1713596209.95854020 0
-0.01080202 -0.01165771 91.13297999 0.47935677 -0.01323817 0.00000000 0.87474396 -0.01616916 0.00000000 1713596209.96028924 0
-0.01024060 -0.01233285 91.13212967 0.47960046 -0.01267605 0.00000000 0.88431781 -0.01642935 0.00000000 1713596209.96585917 0
-0.01051920 -0.01303195 91.13315716 0.47954159 -0.01272347 0.00000000 0.89389351 -0.01668439 0.00000000 1713596209.96784067 0
-0.01096573 -0.01244237 91.13405767 0.47988830 -0.01223745 0.00000000 0.90347207 -0.01693501 0.00000000 1713596209.96966100 0
-0.00856402 -0.01167279 91.21267768 0.46766532 -0.01830091 0.00000000 0.91293208 -0.01724164 0.00000000 1713596209.97101259 0
-0.00907143 -0.01362252 91.19230181 0.47928255 -0.00776734 0.00000000 0.92238603 -0.01750339 0.00000000 1713596209.97240853 0
-0.00782103 -0.01301453 91.31224440 0.45257238 -0.01927503 0.00000000 0.93168930 -0.01777491 0.00000000 1713596209.97416711 0
-0.00827182 -0.01263499 91.29759893 0.47934246 -0.01083074 0.00000000 0.94099317 -0.01807720 0.00000000 1713596209.97825146 0
-0.00990872 -0.01377918 91.31433645 0.47314037 -0.01684053 0.00000000 0.95050238 -0.01835504 0.00000000 1713596209.98026776 0
-0.00961636 -0.01337085 91.30375654 0.48032617 -0.01284077 0.00000000 0.96002142 -0.01865306 0.00000000 1713596209.98579931 0
-0.01150411 -0.01472976 91.30305993 0.48026181 -0.01309418 0.00000000 0.96961155 -0.01891347 0.00000000 1713596209.98741484 0
-0.00976502 -0.01346657 91.30259578 0.48111343 -0.01288257 0.00000000 0.97920954 -0.01917430 0.00000000 1713596209.98901200 0
-0.01018359 -0.01397334 91.30337395 0.48102618 -0.01285151 0.00000000 0.98881516 -0.01943269 0.00000000 1713596209.99095774 0
-0.01061226 -0.01361211 91.30441349 0.48040700 -0.01281396 0.00000000 0.99841373 -0.01969039 0.00000000 1713596209.99292231 0
-0.01146228 -0.01160423 91.30424822 0.48044850 -0.01293960 0.00000000 1.00800653 -0.01994898 0.00000000 1713596209.99540663 0
-0.01121930 -0.01275289 91.30339286 0.48089169 -0.01290204 0.00000000 1.01760417 -0.02020845 0.00000000 1713596209.99707103 0
-0.01143268 -0.01318723 91.30523887 0.48056378 -0.01272161 0.00000000 1.02720296 -0.02046573 0.00000000 1713596209.99881983 0
-0.01180325 -0.01266782 91.30717339 0.48014629 -0.01309990 0.00000000 1.03679432 -0.02072500 0.00000000 1713596210.00103140 0
-0.01123577 -0.01166803 91.31040544 0.48051324 -0.01347214 0.00000000 1.04638516 -0.02099180 0.00000000 1713596210.00348043 0
-0.01174880 -0.01186025 91.31043429 0.48053021 -0.01287088 0.00000000 1.05597984 -0.02125631 0.00000000 1713596210.00650954 0
-0.01169853 -0.01058637 91.31105384 0.48060016 -0.01279351 0.00000000 1.06557539 -0.02151400 0.00000000 1713596210.00828457 0
-0.01192047 -0.01055359 91.31128353 0.48062616 -0.01277797 0.00000000 1.07517189 -0.02177075 0.00000000 1713596210.01018763 0
-0.01117314 -0.01156473 91.31272428 0.48063240 -0.01281720 0.00000000 1.08476872 -0.02202775 0.00000000 1713596210.01215386 0
-0.01072005 -0.01141360 91.31345674 0.48088500 -0.01278117 0.00000000 1.09436813 -0.02228478 0.00000000 1713596210.01452971 0
-0.01122882 -0.01149514 91.31385402 0.48155551 -0.01265500 0.00000000 1.10397675 -0.02254018 0.00000000 1713596210.01616240 0
-0.00958719 -0.01233711 91.42557478 0.45080280 -0.03227342 0.00000000 1.11328505 -0.02299129 0.00000000 1713596210.01803493 0
-0.01254658 -0.00914335 91.41499738 0.46810992 -0.01792947 0.00000000 1.12245911 -0.02349537 0.00000000 1713596210.01981997 0
-0.00726408 -0.01207566 91.65644678 0.44440696 -0.04210737 0.00000000 1.13156932 -0.02409819 0.00000000 1713596210.02150059 0
-0.01029339 -0.01253875 91.78026161 0.46026551 -0.01793491 0.00000000 1.14060121 -0.02470106 0.00000000 1713596210.02317262 0
-0.00961663 -0.01234416 91.81587137 0.47172397 -0.02666116 0.00000000 1.14990583 -0.02514884 0.00000000 1713596210.02531314 0
-0.00697099 -0.01240237 91.88395336 0.47043628 -0.03157143 0.00000000 1.15931198 -0.02573354 0.00000000 1713596210.02715445 0
-0.00917576 -0.01525665 91.92274619 0.46957673 -0.03377574 0.00000000 1.16869670 -0.02638968 0.00000000 1713596210.02924442 0
-0.01145599 -0.01295477 92.04033300 0.46376272 -0.02127151 0.00000000 1.17801480 -0.02694239 0.00000000 1713596210.03113651 0
-0.01543106 -0.01569300 92.03756983 0.46289358 -0.02938784 0.00000000 1.18726616 -0.02745105 0.00000000 1713596210.03285146 0
-0.01263983 -0.01399943 92.04259606 0.47738606 -0.01682834 0.00000000 1.19665355 -0.02791510 0.00000000 1713596210.03467679 0
-0.01314896 -0.01157783 92.08156448 0.47001948 -0.02868756 0.00000000 1.20611207 -0.02837212 0.00000000 1713596210.03715181 0
-0.01464576 -0.01687751 92.07094349 0.48007398 -0.01967486 0.00000000 1.21559743 -0.02885771 0.00000000 1713596210.04352689 0
-0.01507327 -0.01230062 92.07627623 0.48111082 -0.01747725 0.00000000 1.22519352 -0.02923075 0.00000000 1713596210.04563761 0
-0.01896355 -0.01342932 92.08672689 0.46885295 -0.02524283 0.00000000 1.23467758 -0.02965969 0.00000000 1713596210.04782343 0
-0.01587738 -0.01170953 92.08713444 0.48236474 -0.01861496 0.00000000 1.24417416 -0.03010006 0.00000000 1713596210.05045509 0
-0.01674589 -0.01211489 92.08934640 0.48200356 -0.01894346 0.00000000 1.25380204 -0.03047717 0.00000000 1713596210.05240774 0
-0.01755351 -0.01136605 92.09031239 0.48123279 -0.01912382 0.00000000 1.26341861 -0.03085940 0.00000000 1713596210.05459213 0
-0.01854921 -0.01139226 92.09227978 0.48138998 -0.01924744 0.00000000 1.27302905 -0.03124468 0.00000000 1713596210.05638123 0
-0.01986044 -0.01041994 92.09481242 0.48118356 -0.01977470 0.00000000 1.28263901 -0.03163649 0.00000000 1713596210.05846334 0
-0.01950231 -0.01047657 92.09627494 0.48183151 -0.01905158 0.00000000 1.29225337 -0.03202634 0.00000000 1713596210.06067109 0
-0.01943995 -0.01127864 92.09684598 0.48176232 -0.01891905 0.00000000 1.30187351 -0.03240759 0.00000000 1713596210.06225085 0
-0.02046288 -0.01234317 92.09541048 0.48185607 -0.01892177 0.00000000 1.31149389 -0.03278754 0.00000000 1713596210.06398535 0
-0.02874122 -0.01173667 92.09521454 0.46770041 -0.01828518 0.00000000 1.32097389 -0.03316113 0.00000000 1713596210.06571007 0
-0.02346510 -0.01208867 92.63882176 0.37240599 -0.04716344 0.00000000 1.32936118 -0.03381829 0.00000000 1713596210.06751990 0
-0.02063457 -0.01197252 92.71947355 0.37709243 -0.02823649 0.00000000 1.33684387 -0.03457536 0.00000000 1713596210.06935334 0
-0.02825716 -0.00914409 92.97137355 0.29245522 -0.03992445 0.00000000 1.34352837 -0.03525975 0.00000000 1713596210.07173753 0
-0.02605837 -0.01172096 93.00306828 0.30609274 -0.01608744 0.00000000 1.34950404 -0.03582215 0.00000000 1713596210.07369733 0
-0.02498567 -0.01382674 93.14721837 0.25641198 -0.02784426 0.00000000 1.35511987 -0.03626326 0.00000000 1713596210.07589269 0
-0.02125450 -0.00957819 93.28333150 0.22123117 -0.02436292 0.00000000 1.35988847 -0.03678746 0.00000000 1713596210.07759213 0
-0.02088532 -0.01623303 93.37029296 0.17844581 -0.03080569 0.00000000 1.36387868 -0.03734140 0.00000000 1713596210.07918787 0
-0.02479547 -0.01028471 93.43148120 0.14563050 -0.01558821 0.00000000 1.36711414 -0.03780723 0.00000000 1713596210.08104372 0
-0.02460747 -0.01107124 93.57095626 0.10616069 -0.00722868 0.00000000 1.36962792 -0.03803633 0.00000000 1713596210.08276844 0
-0.02456247 -0.01173002 93.62854836 0.06899340 -0.00076483 0.00000000 1.37137659 -0.03811659 0.00000000 1713596210.08450246 0
-0.02465984 -0.01444768 93.12950044 -0.01893851 -0.01491863 0.00000000 1.37187632 -0.03827407 0.00000000 1713596210.08611155 0
-0.02117304 -0.01514398 92.14888699 -0.01521277 -0.00996762 0.00000000 1.37153536 -0.03852394 0.00000000 1713596210.08788681 0
-0.01959826 -0.00784877 91.19960796 -0.01095899 0.00541412 0.00000000 1.37127408 -0.03856966 0.00000000 1713596210.08976030 0
-0.02414132 -0.01184309 90.30775428 0.00266084 0.00703864 0.00000000 1.37119123 -0.03844463 0.00000000 1713596210.09155941 0
-0.02411725 -0.01267240 89.57635876 -0.02182343 -0.01342484 0.00000000 1.37099992 -0.03850875 0.00000000 1713596210.09372306 0
-0.02498159 -0.00873626 88.69865890 -0.01634250 -0.00004139 0.00000000 1.37061888 -0.03864396 0.00000000 1713596210.09569168 0
-0.02461048 -0.00987997 87.72965510 -0.01548069 0.00141619 0.00000000 1.37030117 -0.03863016 0.00000000 1713596210.09781647 0
-0.02734514 -0.00903100 86.74456890 -0.01808474 -0.00688281 0.00000000 1.36996607 -0.03868505 0.00000000 1713596210.10012031 0
-0.02641837 -0.00978121 85.69966863 -0.01673853 -0.00061299 0.00000000 1.36961841 -0.03876031 0.00000000 1713596210.10186124 0
-0.02720529 -0.00978968 84.63463726 -0.01622281 0.00011350 0.00000000 1.36928933 -0.03876533 0.00000000 1713596210.10352993 0
-0.02730716 -0.00987744 83.57182436 -0.01635287 -0.00018431 0.00000000 1.36896411 -0.03876604 0.00000000 1713596210.10537434 0
-0.02693782 -0.00993789 82.50862570 -0.01596592 0.00035147 0.00000000 1.36864146 -0.03876436 0.00000000 1713596210.10703897 0
-0.02721969 -0.00938606 81.44376827 -0.01585213 0.00076554 0.00000000 1.36832380 -0.03875314 0.00000000 1713596210.10917544 0
-0.02832488 -0.00660460 80.40893869 -0.01426521 0.00674241 0.00000000 1.36802312 -0.03867776 0.00000000 1713596210.11075735 0
-0.02775479 -0.00884146 79.34341493 -0.01610516 0.00011318 0.00000000 1.36771991 -0.03860892 0.00000000 1713596210.11240888 0
-0.02713320 -0.00889622 78.29131074 -0.01602238 -0.00028683 0.00000000 1.36739916 -0.03861067 0.00000000 1713596210.11469913 0
-0.02575385 -0.00956779 77.25196100 -0.01592904 -0.00022426 0.00000000 1.36708017 -0.03861580 0.00000000 1713596210.11652946 0
-0.02575916 -0.00810154 76.21264434 -0.01584154 -0.00017122 0.00000000 1.36676299 -0.03861977 0.00000000 1713596210.11806178 0
-0.02671132 -0.00697594 75.17147697 -0.01574111 -0.00015536 0.00000000 1.36644768 -0.03862305 0.00000000 1713596210.11956620 0
-0.02438626 -0.00761670 74.28788634 0.02460801 0.02162701 0.00000000 1.36653620 -0.03840745 0.00000000 1713596210.12104511 0
-0.02533570 -0.00550080 73.86413983 0.11118863 0.03315930 0.00000000 1.36789194 -0.03785736 0.00000000 1713596210.12264037 0
-0.02377536 -0.00487689 73.57071396 0.16010148 0.04892774 0.00000000 1.37060039 -0.03703314 0.00000000 1713596210.12551379 0
-0.02563677 -0.00463145 73.48731712 0.20142018 0.05894212 0.00000000 1.37420969 -0.03595004 0.00000000 1713596210.12757230 0
-0.02720350 -0.00175530 73.54344439 0.23878972 0.05184443 0.00000000 1.37860457 -0.03483766 0.00000000 1713596210.12919927 0
-0.02759234 -0.00049867 73.62311092 0.24663452 0.02753016 0.00000000 1.38345085 -0.03404067 0.00000000 1713596210.13106036 0
-0.02790227 -0.00381930 73.47430187 0.29719865 0.06271623 0.00000000 1.38888027 -0.03313453 0.00000000 1713596210.13326883 0
-0.02100389 -0.00296495 73.43915363 0.32437198 0.05374130 0.00000000 1.39508578 -0.03196520 0.00000000 1713596210.13833594 0
-0.02877251 -0.00392467 73.18882317 0.37487511 0.11025844 0.00000000 1.40206679 -0.03031852 0.00000000 1713596210.14076567 0
-0.02846201 -0.00271908 72.91608124 0.41296619 0.12788569 0.00000000 1.40993229 -0.02792736 0.00000000 1713596210.14281845 0
-0.02964750 0.00164547 72.81470208 0.45995326 0.15172342 0.00000000 1.41864717 -0.02511987 0.00000000 1713596210.14446449 0
-0.02894155 -0.00199084 72.86631905 0.45408434 0.13868676 0.00000000 1.42777256 -0.02220392 0.00000000 1713596210.14605737 0
-0.02779296 -0.00325327 72.92028425 0.43695558 0.11265558 0.00000000 1.43666835 -0.01968025 0.00000000 1713596210.14811230 0
-0.03358975 -0.00241275 73.00040275 0.44197832 0.10957440 0.00000000 1.44544328 -0.01744888 0.00000000 1713596210.14984012 0
-0.02796630 0.00097548 72.95427623 0.46087672 0.14642229 0.00000000 1.45445703 -0.01487848 0.00000000 1713596210.15144777 0
-0.03189098 -0.00229576 73.00887137 0.45059683 0.12733106 0.00000000 1.46355682 -0.01212978 0.00000000 1713596210.15290713 0
-0.02937474 -0.00060133 72.98924677 0.46035661 0.14878304 0.00000000 1.47265142 -0.00935737 0.00000000 1713596210.15444517 0
-0.03200998 -0.00006584 72.98828111 0.46355170 0.14634236 0.00000000 1.48187536 -0.00639408 0.00000000 1713596210.15642071 0
-0.03022294 0.00039339 72.98626648 0.46313438 0.14626186 0.00000000 1.49112702 -0.00345611 0.00000000 1713596210.15835547 0
-0.03006860 0.00007321 72.98367245 0.46289655 0.14596372 0.00000000 1.50037215 -0.00052193 0.00000000 1713596210.15996075 0
-0.03120905 0.00096363 72.98489723 0.46259800 0.14574404 0.00000000 1.50961192 0.00240704 0.00000000 1713596210.16152167 0
-0.03162853 0.00124873 72.98431426 0.46320965 0.14610739 0.00000000 1.51885482 0.00533746 0.00000000 1713596210.16323829 0
-0.03214792 0.00113755 72.98538282 0.46358884 0.14606562 0.00000000 1.52810761 0.00827111 0.00000000 1713596210.16487813 0
-0.03130411 0.00066055 72.98672313 0.46371427 0.14610963 0.00000000 1.53736544 0.01120478 0.00000000 1713596210.16660285 0
-0.03163774 0.00021540 72.98788333 0.46433920 0.14647439 0.00000000 1.54663076 0.01414255 0.00000000 1713596210.16855955 0
-0.03123197 0.00122394 72.98995438 0.46441832 0.14655979 0.00000000 1.55590311 0.01708484 0.00000000 1713596210.17050719 0
-0.03199633 0.00113407 72.99088582 0.46443881 0.14663572 0.00000000 1.56517645 0.02002876 0.00000000 1713596210.17233181 0
-0.03205226 0.00237797 72.99137383 0.46377046 0.14620756 0.00000000 1.57444333 0.02296913 0.00000000 1713596210.17397928 0
-0.03117716 0.00172714 72.99235068 0.46381346 0.14619902 0.00000000 1.58370396 0.02590513 0.00000000 1713596210.17622566 0
-0.03156409 0.00250105 72.99128240 0.46396881 0.14621039 0.00000000 1.59296657 0.02884115 0.00000000 1713596210.17789316 0
-0.02902064 -0.00015555 72.99602651 0.46480374 0.13755678 0.00000000 1.60223907 0.03169039 0.00000000 1713596210.17941380 0
-0.02716663 0.00155111 73.02487005 0.45808720 0.13580363 0.00000000 1.61145285 0.03443515 0.00000000 1713596210.18089676 0
-0.03135992 -0.00322983 73.02693015 0.44919889 0.11372399 0.00000000 1.62051083 0.03694060 0.00000000 1713596210.18231153 0
-0.03078896 0.00006790 73.02381686 0.45568947 0.13473603 0.00000000 1.62954488 0.03943533 0.00000000 1713596210.18358755 0
-0.03140231 0.00077105 73.01125034 0.46116377 0.14416248 0.00000000 1.63869838 0.04223569 0.00000000 1713596210.18499327 0
-0.03232765 -0.00189752 73.03525057 0.44764296 0.10689890 0.00000000 1.64777155 0.04475655 0.00000000 1713596210.18639445 0
-0.02741164 0.00275278 73.07441591 0.46102528 0.13870334 0.00000000 1.65684333 0.04722259 0.00000000 1713596210.18803191 0
-0.03204485 0.00366552 73.11561735 0.45103909 0.13616059 0.00000000 1.66594902 0.04998244 0.00000000 1713596210.18970013 0
-0.03198288 -0.00076996 73.15490756 0.44676681 0.12406357 0.00000000 1.67491236 0.05259529 0.00000000 1713596210.19150829 0
-0.02623400 0.00419011 73.20612202 0.46062758 0.13698319 0.00000000 1.68397143 0.05521641 0.00000000 1713596210.19352841 0
-0.03122593 0.00349124 73.25225987 0.45016546 0.13506129 0.00000000 1.69306443 0.05794795 0.00000000 1713596210.19544101 0
-0.03236238 -0.00051251 73.29316150 0.44609032 0.12290621 0.00000000 1.70201229 0.06053814 0.00000000 1713596210.19712090 0
-0.02590350 0.00420347 73.34120179 0.46127874 0.13706471 0.00000000 1.71107111 0.06314845 0.00000000 1713596210.19844103 0
-0.03123551 0.00335088 73.38233675 0.45121605 0.13343079 0.00000000 1.72018109 0.06586444 0.00000000 1713596210.20076513 0
-0.03241881 -0.00151295 73.41777584 0.44735474 0.12261183 0.00000000 1.72915207 0.06843531 0.00000000 1713596210.20236278 0
-0.02660989 0.00196999 73.49253441 0.45918371 0.12853656 0.00000000 1.73820259 0.07095704 0.00000000 1713596210.20370317 0
-0.03014090 0.00287384 73.48192583 0.45811079 0.13322086 0.00000000 1.74736050 0.07358529 0.00000000 1713596210.20498133 0
-0.01952814 0.00162374 73.57928450 0.46851826 0.12779927 0.00000000 1.75661160 0.07620614 0.00000000 1713596210.20631599 0
-0.03270448 -0.00202084 73.48780378 0.48267226 0.13526164 0.00000000 1.76610791 0.07884747 0.00000000 1713596210.20781708 0
-0.02596747 0.00156997 73.50786655 0.51084595 0.14948173 0.00000000 1.77602680 0.08170652 0.00000000 1713596210.20957398 0
-0.03310113 0.00029851 73.55418565 0.49969053 0.14696716 0.00000000 1.78611560 0.08468310 0.00000000 1713596210.21096206 0
-0.03380816 -0.00437677 73.59387163 0.49551440 0.13477736 0.00000000 1.79605133 0.08751204 0.00000000 1713596210.21263123 0
-0.02727873 -0.00160917 73.64299424 0.51085425 0.14892721 0.00000000 1.80609852 0.09036066 0.00000000 1713596210.21408033 0
-0.03254600 -0.00207730 73.68379060 0.50089920 0.14515554 0.00000000 1.81619947 0.09331348 0.00000000 1713596210.21561646 0
-0.03320736 -0.00481742 73.71981864 0.49719561 0.13458409 0.00000000 1.82616405 0.09612228 0.00000000 1713596210.21693540 0
-0.03238164 -0.00027839 73.75101930 0.51317928 0.14493175 0.00000000 1.83625123 0.09892884 0.00000000 1713596210.21842718 0
-0.03464045 0.00016061 73.77033419 0.49375703 0.13277155 0.00000000 1.84630409 0.10171720 0.00000000 1713596210.21980071 0
-0.03413021 -0.00064034 73.83142782 0.49316672 0.11844420 0.00000000 1.85615715 0.10423960 0.00000000 1713596210.22118282 0
-0.03741333 -0.00206655 73.84059490 0.51378546 0.15515055 0.00000000 1.86621016 0.10698671 0.00000000 1713596210.22275519 0
-0.03715440 -0.00588146 73.83449352 0.51047341 0.14990322 0.00000000 1.87643596 0.11004969 0.00000000 1713596210.22411180 0
-0.03523363 -0.00444569 73.83306514 0.51718038 0.15396529 0.00000000 1.88669565 0.11310077 0.00000000 1713596210.22540021 0
-0.03502292 -0.00482943 73.83180436 0.51747520 0.15409739 0.00000000 1.89702524 0.11619396 0.00000000 1713596210.22665095 0
-0.03521268 -0.00359654 73.83256810 0.51727915 0.15392903 0.00000000 1.90735582 0.11928679 0.00000000 1713596210.22807026 0
-0.03507466 -0.00444600 73.83049107 0.51762805 0.15408259 0.00000000 1.91768792 0.12237947 0.00000000 1713596210.22933412 0
-0.03525580 -0.00363736 73.82860733 0.51773276 0.15413484 0.00000000 1.92802456 0.12547421 0.00000000 1713596210.23153186 0
-0.03649974 -0.00434950 73.82855303 0.51781446 0.15416230 0.00000000 1.93836305 0.12856976 0.00000000 1713596210.23298907 0
-0.03644780 -0.00446520 73.82804600 0.51787309 0.15423861 0.00000000 1.94870295 0.13166634 0.00000000 1713596210.23861957 0
-0.03564267 -0.00550230 73.82496755 0.51794822 0.15429802 0.00000000 1.95904418 0.13476430 0.00000000 1713596210.24124026 0
-0.03504257 -0.00407626 73.82393177 0.51826439 0.15446598 0.00000000 1.96938932 0.13786453 0.00000000 1713596210.24321318 0
-0.03465015 -0.00478591 73.82375267 0.51820620 0.15439808 0.00000000 1.97973703 0.14096577 0.00000000 1713596210.24516559 0
-0.03607617 -0.00558138 73.82725026 0.51840512 0.15423106 0.00000000 1.99008615 0.14406465 0.00000000 1713596210.24701858 0
-0.03652128 -0.00647053 73.82922302 0.51844127 0.15372482 0.00000000 2.00043761 0.14715676 0.00000000 1713596210.24874878 0
-0.03445913 -0.00625288 73.83178822 0.51862349 0.15415536 0.00000000 2.01079126 0.15024812 0.00000000 1713596210.25045705 0
-0.03093083 -0.00944815 73.83706245 0.51942950 0.14566383 0.00000000 2.02115477 0.15325854 0.00000000 1713596210.25215554 0
-0.03281553 -0.00721210 73.84031658 0.51745499 0.15366868 0.00000000 2.03150662 0.15626408 0.00000000 1713596210.25386858 0
-0.03318640 -0.00659040 73.85586329 0.51457398 0.15346560 0.00000000 2.04180999 0.15934795 0.00000000 1713596210.25560498 0
-0.03337029 -0.00472046 73.86204943 0.50690264 0.14291253 0.00000000 2.05200801 0.16232382 0.00000000 1713596210.25849247 0
-0.03371545 -0.00798613 73.88231716 0.51169886 0.15189865 0.00000000 2.06217732 0.16528395 0.00000000 1713596210.26007628 0
-0.03161852 -0.01071380 73.90376965 0.50801028 0.14045941 0.00000000 2.07235769 0.16821946 0.00000000 1713596210.26161242 0
-0.03013418 -0.00598118 73.90588366 0.51722416 0.14945738 0.00000000 2.08259323 0.17113045 0.00000000 1713596210.26434350 0
-0.03335267 -0.01144961 73.93503779 0.50133452 0.11401566 0.00000000 2.09276212 0.17377593 0.00000000 1713596210.26597261 0
-0.02803875 -0.00721091 73.97266063 0.51470637 0.14496624 0.00000000 2.10290587 0.17637631 0.00000000 1713596210.26832247 0
-0.02677343 -0.00789091 73.96723451 0.51647387 0.14777737 0.00000000 2.11320076 0.17931568 0.00000000 1713596210.27064323 0
-0.03052882 -0.00744660 73.98808259 0.51238033 0.14674276 0.00000000 2.12347244 0.18227290 0.00000000 1713596210.27369618 0
-0.03388020 -0.00932062 73.99599326 0.50151037 0.13066905 0.00000000 2.13359472 0.18505833 0.00000000 1713596210.27634621 0
-0.03114436 -0.00531956 73.99989228 0.51646952 0.15136226 0.00000000 2.14375783 0.18789015 0.00000000 1713596210.27807665 0
-0.03094702 -0.00616981 73.98802733 0.52034327 0.15441486 0.00000000 2.15410896 0.19096039 0.00000000 1713596210.27969146 0
-0.03282471 -0.00680158 73.98756838 0.52041121 0.15385591 0.00000000 2.16449944 0.19405567 0.00000000 1713596210.28114724 0
-0.03348126 -0.00653589 73.98769707 0.52126670 0.15422330 0.00000000 2.17489915 0.19714903 0.00000000 1713596210.28257942 0
-0.03223413 -0.00713052 73.98615641 0.52125340 0.15423322 0.00000000 2.18530725 0.20024617 0.00000000 1713596210.28407645 0
-0.03201167 -0.00743051 73.98732816 0.52084626 0.15405545 0.00000000 2.19571116 0.20334163 0.00000000 1713596210.28569698 0
-0.03243264 -0.00722199 73.98720074 0.52095780 0.15404979 0.00000000 2.20611213 0.20643525 0.00000000 1713596210.28827763 0
-0.03364831 -0.00698689 73.98511018 0.52102684 0.15409675 0.00000000 2.21651489 0.20952929 0.00000000 1713596210.29199767 0
-0.03308798 -0.00581496 73.98521648 0.52106128 0.15412982 0.00000000 2.22691869 0.21262412 0.00000000 1713596210.30075002 0
-0.03305234 -0.00488897 73.98381979 0.52105011 0.15437541 0.00000000 2.23732271 0.21572176 0.00000000 1713596210.30281353 0
-0.03384092 -0.00576339 73.98351838 0.52078851 0.15397503 0.00000000 2.24772402 0.21881784 0.00000000 1713596210.30445981 0
-0.03323631 -0.00639639 73.98414505 0.52193630 0.15462930 0.00000000 2.25813417 0.22191647 0.00000000 1713596210.30599403 0
-0.03345235 -0.00609133 73.98452631 0.52139010 0.15434292 0.00000000 2.26855033 0.22501879 0.00000000 1713596210.30858803 0
-0.03359479 -0.00619558 73.98564758 0.52155883 0.15437906 0.00000000 2.27896272 0.22811860 0.00000000 1713596210.31036973 0
-0.03357011 -0.00672572 73.98728320 0.51957973 0.15134176 0.00000000 2.28935704 0.23118828 0.00000000 1713596210.31187868 0
-0.03350939 -0.00786769 74.01345925 0.50948880 0.14401027 0.00000000 2.29963085 0.23415385 0.00000000 1713596210.31440210 0
-0.03061367 -0.00781291 74.00387862 0.51905376 0.14706317 0.00000000 2.30989942 0.23707645 0.00000000 1713596210.31602168 0
-0.03285103 -0.00913414 73.99967947 0.51121089 0.14290945 0.00000000 2.32018517 0.23998801 0.00000000 1713596210.31780148 0
-0.03009108 -0.00590835 73.99770164 0.51774562 0.14707141 0.00000000 2.33045787 0.24289964 0.00000000 1713596210.31986308 0
-0.02731814 -0.00345114 74.03830257 0.51737423 0.14008941 0.00000000 2.34079210 0.24578296 0.00000000 1713596210.32155704 0
-0.03179089 -0.00611730 74.02838557 0.50899849 0.13681758 0.00000000 2.35103900 0.24856333 0.00000000 1713596210.32356691 0
-0.03157286 -0.00907022 74.08122495 0.50629387 0.13682983 0.00000000 2.36117527 0.25131096 0.00000000 1713596210.37755919 0
-0.02905375 -0.00429430 74.11172506 0.51933111 0.14791456 0.00000000 2.37141471 0.25417002 0.00000000 1713596210.37949157 0
-0.02899626 -0.00610168 74.10986877 0.52211938 0.15274377 0.00000000 2.38181214 0.25718886 0.00000000 1713596210.38199425 0
-0.03045035 -0.00453252 74.13419260 0.51884692 0.15180851 0.00000000 2.39220474 0.26024681 0.00000000 1713596210.38416386 0
-0.03286915 -0.00289224 74.20500872 0.50984511 0.13414167 0.00000000 2.40247479 0.26311797 0.00000000 1713596210.38598204 0
-0.03409151 -0.00333671 74.20310915 0.50765292 0.13868028 0.00000000 2.41263309 0.26585732 0.00000000 1713596210.39101243 0
-0.03370368 -0.00083460 74.19072029 0.51780581 0.15264215 0.00000000 2.42287087 0.26878243 0.00000000 1713596210.39370513 0
-0.03340080 -0.00608102 74.18103743 0.52138602 0.15328234 0.00000000 2.43324575 0.27185415 0.00000000 1713596210.39560986 0
-0.03719349 -0.00940675 74.17869489 0.50865538 0.13742671 0.00000000 2.44352927 0.27477310 0.00000000 1713596210.39738107 0
-0.03587897 -0.00606763 74.21105799 0.51720261 0.14887054 0.00000000 2.45377104 0.27764775 0.00000000 1713596210.39893937 0
-0.04045624 -0.00810196 74.23394571 0.51504926 0.14693826 0.00000000 2.46407663 0.28061790 0.00000000 1713596210.40094876 0
-0.03646993 -0.00407205 74.25660252 0.51873023 0.15279183 0.00000000 2.47439748 0.28362742 0.00000000 1713596210.40309167 0
-0.03922298 -0.00294377 74.27493494 0.51705125 0.14825630 0.00000000 2.48473831 0.28665018 0.00000000 1713596210.40506792 0
-0.04145243 -0.00723483 74.14666322 0.54633943 0.15022557 0.00000000 2.49535478 0.28964718 0.00000000 1713596210.40707326 0
-0.03791187 -0.00379304 74.10898714 0.57303978 0.16791872 0.00000000 2.50653022 0.29284159 0.00000000 1713596210.40925384 0
-0.03916689 -0.00430696 74.12592058 0.57613970 0.17078464 0.00000000 2.51800318 0.29624244 0.00000000 1713596210.41152477 0
-0.03766191 -0.00394267 74.16272721 0.57393330 0.16201411 0.00000000 2.52948506 0.29958400 0.00000000 1713596210.41400528 0
-0.04189085 -0.00385622 74.19935356 0.56176828 0.15757070 0.00000000 2.54082345 0.30279289 0.00000000 1713596210.41620588 0
-0.03789717 -0.00650402 74.21893008 0.57337416 0.16195689 0.00000000 2.55215626 0.30600119 0.00000000 1713596210.41866493 0
-0.04229219 -0.00152272 74.20450156 0.57147840 0.16802939 0.00000000 2.56358602 0.30931452 0.00000000 1713596210.42104721 0
-0.04189799 -0.00087503 74.19804242 0.57235655 0.16812365 0.00000000 2.57500562 0.31268976 0.00000000 1713596210.42309880 0
-0.04178071 -0.00187621 74.30874543 0.56507551 0.14832527 0.00000000 2.58636129 0.31586715 0.00000000 1713596210.42521811 0
-0.04165974 -0.00878424 74.34917888 0.55766156 0.11822631 0.00000000 2.59757025 0.31854354 0.00000000 1713596210.42788982 0
-0.04278025 -0.00635487 74.34826037 0.56713665 0.15731949 0.00000000 2.60879980 0.32131024 0.00000000 1713596210.43496847 0
-0.03899671 -0.00415949 74.33221422 0.57823635 0.16576376 0.00000000 2.62023475 0.32455425 0.00000000 1713596210.43680263 0
-0.04059568 -0.00276985 74.32922178 0.57711612 0.16878453 0.00000000 2.63176933 0.32791337 0.00000000 1713596210.43853068 0
-0.04011395 -0.00516215 74.35023209 0.56976322 0.15548657 0.00000000 2.64321932 0.33116931 0.00000000 1713596210.44045687 0
-0.04204015 -0.00289768 74.36218860 0.56904969 0.15823325 0.00000000 2.65458878 0.33431930 0.00000000 1713596210.44245577 0
-0.04227650 -0.00685972 74.39444249 0.55825680 0.14302395 0.00000000 2.66584336 0.33734416 0.00000000 1713596210.44420314 0
-0.04122363 -0.00388642 74.38123902 0.57660817 0.16668161 0.00000000 2.67717341 0.34045385 0.00000000 1713596210.44730854 0
-0.04254716 -0.00394139 74.41214761 0.56490128 0.15283064 0.00000000 2.68856979 0.34366201 0.00000000 1713596210.45282984 0
-0.04263801 -0.00249459 74.40063716 0.56842231 0.15726429 0.00000000 2.69988444 0.34677560 0.00000000 1713596210.45492363 0
-0.04084009 -0.00357843 74.41421815 0.57785520 0.16429513 0.00000000 2.71132843 0.35000431 0.00000000 1713596210.45678139 0
-0.04033887 -0.00381148 74.39924683 0.57485465 0.16394407 0.00000000 2.72283662 0.35330009 0.00000000 1713596210.45938635 0
-0.03589927 -0.00357999 74.42003131 0.57472622 0.15669142 0.00000000 2.73431359 0.35651952 0.00000000 1713596210.46112847 0
-0.00064869 -0.00025776 89.94993732 -0.00001134 0.00002334 0.00000000 -0.00000011 0.00000023 0.00000000 1713596293.28713942 0
-0.00035188 0.00043864 89.94857906 -0.00003874 0.00000154 0.00000000 -0.00000061 0.00000048 0.00000000 1713596293.30592752 0
-0.00028036 -0.00036685 89.94813667 -0.00004198 0.00001296 0.00000000 -0.00000142 0.00000063 0.00000000 1713596293.32563567 0
-0.00075916 0.00001802 89.94761583 -0.00005256 -0.00000811 0.00000000 -0.00000236 0.00000068 0.00000000 1713596293.35758281 0
-0.00105233 0.00087212 89.94816028 0.00200960 -0.00072910 -0.00000012 -0.00000296 0.00000064 -0.00000000 1713596294.62533617 0
-0.00059060 0.00059906 89.94965488 0.00199639 -0.00074439 0.00000000 0.00003704 -0.00001416 0.00000000 1713596294.62715816 0
-0.00175396 0.00173132 89.94879603 0.00200886 -0.00074604 0.00000000 0.00007702 -0.00002912 0.00000000 1713596294.63025093 0
-0.00179191 0.00275253 89.94884890 0.00198779 -0.00075779 0.00000000 0.00011692 -0.00004422 0.00000000 1713596294.63464379 0
-0.00132466 0.00327806 89.94843480 0.00201061 -0.00076087 0.00000000 0.00015684 -0.00005947 0.00000000 1713596294.63790441 0
-0.00130865 0.00286789 89.94875251 0.00201775 -0.00076482 0.00000000 0.00019706 -0.00007479 0.00000000 1713596294.64009881 0
0.00025587 0.00273245 89.94762184 0.00198310 -0.00075255 0.00000000 0.00023700 -0.00009002 0.00000000 1713596294.64217234 0
0.00102718 0.00212950 89.94894369 0.00197607 -0.00075661 0.00000000 0.00027653 -0.00010518 0.00000000 1713596294.64478230 0
-0.00014466 0.00245400 89.94723338 0.00197336 -0.00075234 0.00000000 0.00031596 -0.00012033 0.00000000 1713596294.64765906 0
0.00025283 0.00237452 89.94743307 0.00196646 -0.00076497 0.00000000 0.00035529 -0.00013556 0.00000000 1713596294.65009260 0
-0.00011655 0.00253756 89.94660103 0.00197842 -0.00075889 0.00000000 0.00039468 -0.00015086 0.00000000 1713596294.65304399 0
0.00022665 0.00355465 89.94625525 0.00200064 -0.00076938 0.00000000 0.00043440 -0.00016621 0.00000000 1713596294.65651059 0
0.00003605 0.00342492 89.94595868 0.00199395 -0.00078924 0.00000000 0.00047428 -0.00018186 0.00000000 1713596294.65919304 0
0.00138178 0.00373732 89.94525267 0.00200487 -0.00080016 0.00000000 0.00051421 -0.00019782 0.00000000 1713596294.66473961 0
0.00172823 0.00284963 89.94551037 0.00203825 -0.00078239 0.00000000 0.00055457 -0.00021371 0.00000000 1713596294.67006516 0
0.00307495 0.00203106 89.94405618 0.00202768 -0.00079985 0.00000000 0.00059516 -0.00022959 0.00000000 1713596294.67330527 0
0.00276149 0.00127219 89.94345549 0.00202977 -0.00080947 0.00000000 0.00063567 -0.00024575 0.00000000 1713596294.67665386 0
0.00332173 0.00095230 89.94170585 0.00201027 -0.00079804 0.00000000 0.00067600 -0.00026189 0.00000000 1713596294.68140078 0
0.00206173 0.00027123 89.94184225 0.00196988 -0.00078019 0.00000000 0.00071574 -0.00027774 0.00000000 1713596294.68463278 0
0.00205608 0.00074614 89.94210928 0.00196541 -0.00078447 0.00000000 0.00075503 -0.00029345 0.00000000 1713596294.68845201 0
0.00274597 -0.00017279 89.94279323 0.00196079 -0.00078303 0.00000000 0.00079423 -0.00030919 0.00000000 1713596294.69083047 0
0.00056011 0.00022322 89.94272460 0.00193434 -0.00077415 0.00000000 0.00083311 -0.00032483 0.00000000 1713596294.69505072 0
0.00027312 0.00083829 89.94186825 0.00192979 -0.00076828 0.00000000 0.00087169 -0.00034031 0.00000000 1713596294.70209551 0
0.00010451 0.00191314 89.94165494 0.00194880 -0.00073870 0.00000000 0.00091041 -0.00035544 0.00000000 1713596294.70815063 0
-0.00038760 0.00149020 89.94089802 0.00748420 -0.00098057 0.00000000 0.00100459 -0.00037271 0.00000000 1713596294.71703506 0
0.00665058 0.00124328 89.93934418 0.05027524 -0.00013829 0.00000000 0.00158124 -0.00038394 0.00000000 1713596294.72106576 0
0.00277794 0.00201281 89.91500597 0.07643353 -0.00233557 0.00000000 0.00284625 -0.00040878 0.00000000 1713596294.72394395 0
0.00507570 0.00382340 89.86072565 0.12686549 0.00540332 0.00000000 0.00487591 -0.00037798 0.00000000 1713596294.72985029 0
0.01184808 0.00069472 89.80957332 0.16915611 0.00024186 0.00000000 0.00783127 -0.00032130 0.00000000 1713596294.73461175 0
0.00625788 0.00616113 89.75130088 0.20550667 0.00655623 0.00000000 0.01157175 -0.00025304 0.00000000 1713596294.73691726 0
0.00575078 0.00399091 89.69798725 0.23703787 0.00261770 0.00000000 0.01598994 -0.00016092 0.00000000 1713596294.73920059 0
-0.00170298 0.00251317 89.63889069 0.27340116 0.00215456 0.00000000 0.02108596 -0.00011301 0.00000000 1713596294.74595976 0
-0.00178446 0.00354464 89.59749540 0.31202653 0.00302910 0.00000000 0.02693064 -0.00006096 0.00000000 1713596294.75065160 0
0.00340865 0.00365767 89.55047814 0.36371926 0.00785275 0.00000000 0.03367702 0.00004830 0.00000000 1713596294.75486231 0
-0.00097916 0.00218333 89.49839173 0.39094083 0.00322178 0.00000000 0.04121125 0.00015950 0.00000000 1713596294.75711489 0
0.00566031 -0.00192876 89.71295648 0.40123273 -0.01268401 0.00000000 0.04912000 0.00006449 0.00000000 1713596294.76016545 0
0.00023148 0.00111465 89.42384465 0.43860472 0.00114281 0.00000000 0.05750461 -0.00005139 0.00000000 1713596294.76384997 0
0.00491157 0.00309019 89.12308113 0.49003679 0.00732266 0.00000000 0.06677580 0.00003361 0.00000000 1713596294.76800036 0
-0.00032661 0.00163630 89.23671386 0.44782180 -0.02245600 0.00000000 0.07613901 -0.00011834 0.00000000 1713596294.78002501 0
-0.00040847 -0.00162892 89.55615076 0.46545772 -0.01964407 0.00000000 0.08525683 -0.00054106 0.00000000 1713596294.78225708 0
-0.00028215 -0.00731534 89.46992825 0.47911369 -0.02782827 0.00000000 0.09468706 -0.00101772 0.00000000 1713596294.78659105 0
0.00115435 0.00046674 89.65934808 0.48501519 -0.00613365 0.00000000 0.10431254 -0.00135872 0.00000000 1713596294.79208565 0
-0.00128639 -0.00044923 89.69888090 0.48361297 -0.00865602 0.00000000 0.11398294 -0.00150722 0.00000000 1713596294.79845476 0
-0.00019969 -0.00013228 89.69904854 0.49862694 0.00234358 0.00000000 0.12378923 -0.00157061 0.00000000 1713596294.80105758 0
-0.00200507 0.00183912 89.69740096 0.50152364 0.00138713 0.00000000 0.13377434 -0.00153315 0.00000000 1713596294.80362844 0
-0.00251747 0.00168920 89.70058260 0.50120593 0.00079408 0.00000000 0.14378520 -0.00151124 0.00000000 1713596294.80608487 0
-0.00254318 0.00144658 89.70231179 0.50176945 0.00117975 0.00000000 0.15379851 -0.00149143 0.00000000 1713596294.80846596 0
-0.00280145 0.00060743 89.70427131 0.50241675 0.00143672 0.00000000 0.16382391 -0.00146515 0.00000000 1713596294.81093526 0
-0.00421261 0.00000704 89.70720397 0.50230960 0.00148849 0.00000000 0.17385470 -0.00143578 0.00000000 1713596294.81379580 0
-0.00416209 0.00117781 89.71008389 0.50166955 0.00147970 0.00000000 0.18387803 -0.00140598 0.00000000 1713596294.81578064 0
-0.00369893 0.00074538 89.71213071 0.50143390 0.00115910 0.00000000 0.19389262 -0.00137948 0.00000000 1713596294.81932998 0
-0.00447123 0.00162119 89.71471342 0.50081895 0.00051719 0.00000000 0.20389872 -0.00136265 0.00000000 1713596294.82273650 0
-0.00568062 0.00123991 89.71867760 0.50098995 -0.00012684 0.00000000 0.21390038 -0.00135873 0.00000000 1713596294.82526326 0
-0.00684378 0.00112422 89.72078002 0.50122916 0.00037573 0.00000000 0.22390614 -0.00135623 0.00000000 1713596294.82727242 0
-0.00689406 0.00012877 89.72362721 0.50116337 0.00029901 0.00000000 0.23391363 -0.00134946 0.00000000 1713596294.83120728 0
-0.00813967 -0.00041249 89.72404120 0.50160447 0.00099931 0.00000000 0.24392487 -0.00133642 0.00000000 1713596294.83451152 0
-0.00829516 -0.00128618 89.72627994 0.50192048 0.00109266 0.00000000 0.25394367 -0.00131542 0.00000000 1713596294.83672071 0
-0.00869933 -0.00284587 89.95873907 0.45069393 -0.03450737 0.00000000 0.26345419 -0.00165093 0.00000000 1713596294.83986568 0
-0.00881536 -0.00207331 89.94708522 0.49221172 -0.00310322 0.00000000 0.27286779 -0.00202857 0.00000000 1713596294.84272480 0
-0.00812705 -0.00170707 89.93853869 0.50109630 0.00058676 0.00000000 0.28278459 -0.00205384 0.00000000 1713596294.84881020 0
-0.00813806 -0.00879638 90.03630022 0.46542606 -0.03134116 0.00000000 0.29243396 -0.00236263 0.00000000 1713596294.85949945 0
-0.00868240 -0.00495011 90.05120534 0.49325132 -0.00510483 0.00000000 0.30200502 -0.00272858 0.00000000 1713596294.86602449 0
-0.00398041 -0.00242073 90.19159605 0.48557803 -0.02051307 0.00000000 0.31177727 -0.00298580 0.00000000 1713596294.87149239 0
-0.00731516 -0.00300755 90.14660272 0.50172138 -0.00253190 0.00006938 0.32162295 -0.00320924 0.00000036 1713596295.78761625 0
-0.00606109 -0.00178911 90.15002185 0.50274898 -0.00396214 0.00000000 0.33165118 -0.00327445 0.00000000 1713596295.79058099 0
-0.00663809 -0.00125439 90.15162662 0.51596746 -0.01194418 -0.00000790 0.34169029 -0.00335068 0.00000045 1713596296.59316969 0
-0.00621563 -0.00126209 90.15361528 0.51696177 -0.01166420 0.00000000 0.35200265 -0.00358773 0.00000000 1713596296.59848714 0
-0.00460929 -0.00179910 90.15423503 0.51701042 -0.01166340 0.00000000 0.36232541 -0.00382196 0.00000000 1713596296.60383940 0
-0.00517998 -0.00129443 90.15480182 0.51704394 -0.01158057 0.00000000 0.37264900 -0.00405534 0.00000000 1713596296.61051679 0
-0.00451063 -0.00341711 90.15574970 0.51697100 -0.01147983 0.00000000 0.38297220 -0.00428689 0.00000000 1713596296.61764479 0
-0.00431118 -0.00229477 90.15768190 0.52468527 -0.00977810 0.00001707 0.39329307 -0.00451797 0.00000036 1713596297.37321115 0
-0.00266735 -0.00315007 90.16018398 0.52450236 -0.00983009 0.00000000 0.40376775 -0.00471485 0.00000000 1713596297.37642908 0
-0.00369617 -0.00480271 90.16180735 0.52401965 -0.00981002 0.00000000 0.41423578 -0.00491205 0.00000000 1713596297.38197446 0
-0.00418384 -0.00408849 90.16341406 0.52384402 -0.00999074 0.00000000 0.42469723 -0.00511087 0.00000000 1713596297.38551521 0
-0.00339358 -0.00432981 90.16592403 0.52350360 -0.01026455 0.00000000 0.43515354 -0.00531425 0.00000000 1713596297.38861251 0
-0.00499796 -0.00339138 90.16854265 0.50623597 0.00606875 -0.00000192 0.44560829 -0.00551993 0.00000021 1713596298.01633811 0
-0.00378932 -0.00309790 90.17105415 0.50527408 0.00566483 0.00000000 0.45570681 -0.00540211 0.00000000 1713596298.02175117 0
-0.00242420 -0.00801872 90.18096226 0.49993626 -0.00770096 0.00000000 0.46574243 -0.00542255 0.00000000 1713596298.02434349 0
-0.00041438 -0.00448781 90.44275019 0.46650790 -0.02592369 0.00000000 0.47539102 -0.00576017 0.00000000 1713596298.02712703 0
-0.00501394 -0.00432920 90.38287228 0.48843750 0.00101860 0.00000000 0.48492482 -0.00601024 0.00000000 1713596298.03043127 0
-0.00269271 -0.00574527 90.35479497 0.49557150 0.01039709 0.00320043 0.49487089 -0.00594638 0.00000069 1713596298.62624884 0
-0.00304887 -0.00401586 90.35574570 0.49513840 0.00979938 0.00000000 0.50476174 -0.00574359 0.00000000 1713596298.63311434 0
-0.00451697 -0.00421042 90.35694901 0.49430143 0.00967833 0.00000000 0.51463992 -0.00554802 0.00000000 1713596298.63740611 0
-0.00607278 -0.00594739 90.35926503 0.49444360 0.00936996 0.00000000 0.52451116 -0.00535676 0.00000000 1713596298.64142275 0
-0.00586657 -0.00474138 90.35811180 0.49449419 0.00961045 0.00000000 0.53438432 -0.00516618 0.00000000 1713596298.64538193 0
-0.00685414 -0.00451862 90.35884150 0.49452736 0.00964200 0.00000000 0.54425833 -0.00497287 0.00000000 1713596298.65038371 0
-0.00635094 -0.00446184 90.35760197 0.49499638 0.00971560 0.00000000 0.55413734 -0.00477851 0.00000000 1713596298.65461254 0
-0.00674535 -0.00470855 90.36110079 0.49458397 0.00972906 0.00000000 0.56401692 -0.00458327 0.00000000 1713596298.65788031 0
-0.00674842 -0.00404904 90.36580169 0.49464601 0.00932481 0.00000000 0.57389300 -0.00439195 0.00000000 1713596298.66253638 0
-0.00902089 -0.00383321 90.36792471 0.49474308 0.00948438 0.00000000 0.58377067 -0.00420309 0.00000000 1713596298.66801238 0
-0.00791207 -0.00318402 90.36943661 0.49564467 0.00983282 0.00000000 0.59365831 -0.00400913 0.00000000 1713596298.67327666 0
-0.00879910 -0.00268580 90.37086127 0.49548404 0.00990498 0.00000000 0.60355335 -0.00381095 0.00000000 1713596298.67770362 0
-0.00842998 -0.00242478 90.37175767 0.49488066 0.00981799 0.00000000 0.61344076 -0.00361291 0.00000000 1713596298.68260407 0
-0.00770671 -0.00339244 90.37413114 0.49472813 0.00977705 0.00000000 0.62332062 -0.00341617 0.00000000 1713596298.68791080 0
-0.00858581 -0.00314107 90.37617908 0.49486067 0.00957253 0.00000000 0.63320028 -0.00322188 0.00000000 1713596298.69204783 0
-0.00874558 -0.00464071 90.37755202 0.49475421 0.00965047 0.00000000 0.64308021 -0.00302887 0.00000000 1713596298.69648242 0
-0.00942138 -0.00453411 90.37998735 0.49465092 0.00958993 0.00000000 0.65295804 -0.00283568 0.00000000 1713596298.70136905 0
-0.00840339 -0.00397522 90.39907931 0.48979824 0.00045414 0.00000000 0.66278639 -0.00273483 0.00000000 1713596298.70456672 0
-0.01133490 -0.00660136 90.64142749 0.44745990 -0.02538604 0.00000000 0.67214360 -0.00298516 0.00000000 1713596298.70832705 0
-0.01291420 -0.00652708 90.55076698 0.47954889 -0.00044073 0.00000000 0.68139849 -0.00324448 0.00000000 1713596298.71165562 0
-0.00429697 -0.00577628 90.78246925 0.46158695 -0.02379387 0.00000000 0.69079442 -0.00348782 0.00000000 1713596298.71565390 0
-0.00432294 -0.00367647 90.84031350 0.47633822 -0.01371553 0.00000000 0.70015830 -0.00386444 0.00000000 1713596298.71904063 0
-0.01611424 -0.00526025 90.84695785 0.48708598 0.00362733 0.00000000 0.70977675 -0.00396574 0.00000000 1713596298.72185063 0
-0.01513186 -0.00678349 90.89697926 0.48672371 0.00278038 0.00000000 0.71949888 -0.00390140 0.00000000 1713596298.72492003 0
-0.01075968 -0.00517075 90.98131901 0.49048770 0.00766544 0.00000000 0.72925497 -0.00379651 0.00000000 1713596298.72891665 0
-0.01140791 -0.00435273 90.98460736 0.48851274 0.00466243 0.00000000 0.73902892 -0.00367273 0.00000000 1713596298.73212767 0
-0.01274580 -0.00992247 91.01141308 0.47239367 -0.01175601 0.00000000 0.74862223 -0.00374396 0.00000000 1713596298.73473072 0
-0.00953753 -0.01029471 91.18270483 0.43650272 -0.02741728 0.00000000 0.75769630 -0.00413729 0.00000000 1713596298.74064898 0
-0.00751091 -0.00805178 91.11786865 0.48996442 0.00355805 0.00000000 0.76694578 -0.00437685 0.00000000 1713596298.74498105 0
-0.01136192 -0.00761190 91.11596485 0.49524532 0.00285642 0.00000000 0.77678172 -0.00431245 0.00000000 1713596298.74774122 0
-0.00873630 -0.00680674 91.11685583 0.49554185 0.00306183 0.00000000 0.78667335 -0.00425302 0.00000000 1713596298.75297165 0
-0.00901359 -0.00777969 91.11767744 0.49618093 0.00343223 0.00000000 0.79657432 -0.00418782 0.00000000 1713596298.75560760 0
-0.00899275 -0.00884410 91.11853645 0.49531894 0.00324703 0.00000000 0.80647306 -0.00412075 0.00000000 1713596298.75820899 0
-0.00978144 -0.00837439 91.12017421 0.49526621 0.00297507 0.00000000 0.81636267 -0.00405828 0.00000000 1713596298.76221418 0
-0.00891807 -0.00990750 91.11954460 0.49530421 0.00318613 0.00000000 0.82625214 -0.00399641 0.00000000 1713596298.76607013 0
-0.00986027 -0.01016622 91.11889661 0.49535394 0.00322549 0.00000000 0.83614248 -0.00393204 0.00000000 1713596298.77012753 0
-0.01041669 -0.01259570 91.11881793 0.49541863 0.00327266 0.00000000 0.84603396 -0.00386679 0.00000000 1713596298.77379704 0
-0.01114551 -0.01291409 91.11764976 0.49548989 0.00329880 0.00000000 0.85592680 -0.00380081 0.00000000 1713596298.77662492 0
-0.01185787 -0.01198225 91.11778535 0.49557722 0.00333470 0.00000000 0.86582122 -0.00373420 0.00000000 1713596298.77991152 0
-0.01100560 -0.01096644 91.12097655 0.49528648 0.00320884 0.00000000 0.87571361 -0.00366850 0.00000000 1713596298.78238010 0
-0.00964446 -0.01023273 91.12264252 0.49515682 0.00238089 0.00000000 0.88560181 -0.00361237 0.00000000 1713596298.78579736 0
-0.00814296 -0.01058978 91.12287723 0.51431737 -0.01865033 -0.00000169 0.89550288 -0.00355244 0.00000029 1713596299.15413284 0
-0.00828135 -0.01065888 91.12350373 0.51425195 -0.01855346 0.00000000 0.90577171 -0.00392600 0.00000000 1713596299.15920615 0
-0.00792340 -0.01030202 91.12421944 0.51413237 -0.01843502 0.00000000 0.91603869 -0.00429739 0.00000000 1713596299.16805315 0
-0.00715380 -0.01199587 91.12399473 0.51410439 -0.01833194 0.00000000 0.92630420 -0.00466656 0.00000000 1713596299.17453957 0
-0.00750956 -0.01177193 91.12322236 0.51412665 -0.01846157 0.00000000 0.93656965 -0.00503599 0.00000000 1713596299.18091655 0
-0.00743863 -0.01258991 91.12501443 0.51409632 -0.01844879 0.00000000 0.94683503 -0.00540660 0.00000000 1713596299.18879795 0
-0.00924538 -0.00965257 91.19319032 0.47799298 -0.03386205 0.00000000 0.95673965 -0.00593185 0.00000000 1713596299.20063615 0
-0.00906596 -0.01309457 91.18640921 0.49810519 -0.02766640 0.00000000 0.96648463 -0.00654964 0.00000000 1713596299.20514274 0
-0.00802500 -0.01216195 91.22546898 0.48798759 -0.03745190 0.00000000 0.97632939 -0.00720348 0.00000000 1713596299.20809603 0
-0.00658965 -0.01196523 91.33145589 0.48732525 -0.02654628 0.00000000 0.98606653 -0.00784607 0.00000000 1713596299.21403074 0
-0.00758856 -0.01229047 91.29594777 0.51038398 -0.02255966 0.00000000 0.99602727 -0.00833913 0.00000000 1713596299.21660519 0
-0.00683666 -0.01344266 91.29552428 0.51332771 -0.01895623 0.00000000 1.00624760 -0.00875598 0.00000000 1713596299.22342682 0
-0.00821511 -0.01283119 91.29582728 0.51368638 -0.01985937 0.00000000 1.01650090 -0.00914572 0.00000000 1713596299.22949719 0
-0.00746896 -0.01364359 91.29417062 0.51330869 -0.02007587 0.00000000 1.02675402 -0.00954670 0.00000000 1713596299.23819947 0
-0.00780074 -0.01293884 91.29551007 0.51365847 -0.01984980 0.00000000 1.03700685 -0.00994759 0.00000000 1713596299.24107838 0
-0.01061812 -0.01252548 91.29785537 0.51363897 -0.01988103 0.00000000 1.04726298 -0.01034652 0.00000000 1713596299.25201535 0
-0.00877771 -0.01065515 91.29743259 0.51380861 -0.01969616 0.00000000 1.05752062 -0.01074390 0.00000000 1713596299.25746584 0
-0.00849593 -0.01162564 91.29552268 0.51369575 -0.01985336 0.00000000 1.06777881 -0.01114101 0.00000000 1713596299.26571441 0
-0.00934849 -0.01236114 91.29741336 0.51478057 -0.01956805 0.00000000 1.07804671 -0.01153683 0.00000000 1713596299.26957726 0
-0.00912506 -0.01169954 91.29938053 0.51483814 -0.01947719 0.00000000 1.08832602 -0.01192888 0.00000000 1713596299.27617097 0
-0.00944998 -0.01137992 91.30060870 0.51479623 -0.01938396 0.00000000 1.09860548 -0.01231908 0.00000000 1713596299.28759289 0
-0.00847562 -0.01098704 91.30156561 0.51459893 -0.01930380 0.00000000 1.10888256 -0.01270753 0.00000000 1713596299.29059339 0
-0.00886813 -0.01054786 91.30250958 0.51444126 -0.01926259 0.00000000 1.11915609 -0.01309477 0.00000000 1713596299.29663229 0
-0.00807383 -0.01022576 91.30318107 0.51441446 -0.01921077 0.00000000 1.12942778 -0.01348107 0.00000000 1713596299.30131388 0
-0.00845649 -0.00976625 91.30438300 0.51451672 -0.01940370 0.00000000 1.13970022 -0.01386879 0.00000000 1713596299.30488205 0
-0.00750633 -0.01051578 91.30583841 0.51450956 -0.01936875 0.00000000 1.14997361 -0.01425810 0.00000000 1713596299.30851555 0
-0.00856903 -0.01028212 91.30498222 0.51442466 -0.01931697 0.00000000 1.16024609 -0.01464653 0.00000000 1713596299.31328034 0
-0.01010540 -0.01297586 91.35233101 0.48805974 -0.03967694 0.00000000 1.17025450 -0.01523888 0.00000000 1713596299.32193637 0
-0.00571078 -0.01144944 91.40403876 0.50598571 -0.02291067 0.00000000 1.18017865 -0.01586731 0.00000000 1713596299.33513927 0
-0.00906599 -0.00802758 91.54841855 0.47126903 -0.03962109 0.00000000 1.18993518 -0.01649517 0.00000000 1713596299.34320736 0
-0.01382211 -0.01381878 91.82238061 0.45264708 -0.05412202 0.00000000 1.19915920 -0.01743643 0.00000000 1713596299.34909749 0
-0.00867027 -0.01128982 91.73272689 0.51266781 -0.02112560 0.00000000 1.20879652 -0.01819197 0.00000000 1713596299.35349703 0
-0.00825472 -0.01167904 91.80149558 0.51393549 -0.02108984 0.00000000 1.21904572 -0.01861585 0.00000000 1713596299.35792971 0
-0.00653602 -0.01191015 91.87241724 0.51310527 -0.02247605 0.00000000 1.22929929 -0.01905329 0.00000000 1713596299.36159945 0
-0.01096331 -0.01136136 92.06853038 0.46825835 -0.04541522 0.00000000 1.23909684 -0.01973497 0.00000000 1713596299.36579704 0
-0.01046409 -0.01155407 92.01727333 0.51317772 -0.02651385 0.00000000 1.24889511 -0.02045719 0.00000000 1713596299.37067270 0
-0.00796065 -0.01323081 92.04304729 0.51196077 -0.02372424 0.00000000 1.25912968 -0.02096162 0.00000000 1713596299.37413073 0
-0.01052943 -0.01240183 92.05656814 0.50346993 -0.02756695 0.00000000 1.26926734 -0.02147663 0.00000000 1713596299.38304114 0
-0.01517899 -0.01406920 92.05189774 0.50512198 -0.02927684 0.00000000 1.27933673 -0.02204738 0.00000000 1713596299.39051127 0
-0.01571053 -0.01320317 92.06794193 0.50184685 -0.03206597 0.00000000 1.28938990 -0.02266331 0.00000000 1713596299.39785981 0
-0.01224936 -0.01156648 92.07921634 0.51159662 -0.02526440 0.00000000 1.29950773 -0.02323895 0.00000000 1713596299.40453243 0
-0.01352607 -0.01204038 92.07900767 0.51139194 -0.02429136 -0.00268810 1.30975198 -0.02371374 -0.00000149 1713596301.22633529 0
-0.01431513 -0.01159173 92.08159073 0.51121024 -0.02835367 0.00000000 1.31996123 -0.02424234 0.00000000 1713596301.23267794 0
-0.01600774 -0.01044198 92.08331990 0.51115541 -0.02837619 0.00000000 1.33016813 -0.02481195 0.00000000 1713596301.23791695 0
-0.01602784 -0.00956678 92.08396734 0.51212944 -0.02803304 0.00000000 1.34038420 -0.02537834 0.00000000 1713596301.24848723 0
-0.01602179 -0.01065036 92.08526581 0.51204847 -0.02797364 0.00000000 1.35060919 -0.02594069 0.00000000 1713596301.25402713 0
-0.01654706 -0.00944273 92.08713212 0.51191853 -0.02806578 0.00000000 1.36083207 -0.02650337 0.00000000 1713596301.26069880 0
-0.01700573 -0.01103691 92.09014189 0.51145882 -0.02789975 0.00000000 1.37104907 -0.02706531 0.00000000 1713596301.26621151 0
-0.01817790 -0.01132943 92.08879065 0.51162242 -0.02809445 0.00000000 1.38126310 -0.02762754 0.00000000 1713596301.28222799 0
-0.01959708 -0.01072480 92.08714238 0.51171580 -0.02805461 0.00000000 1.39147971 -0.02819132 0.00000000 1713596301.28741217 0
-0.02770691 -0.01878947 92.34026202 0.42571928 -0.06479336 0.00000000 1.40083869 -0.02912358 0.00000000 1713596301.29409933 0
-0.01944011 -0.01224011 92.63855099 0.42959374 -0.02881818 0.00000000 1.40937780 -0.03006352 0.00000000 1713596301.30034447 0
-0.02441211 -0.01101781 92.71435202 0.39467113 -0.02805781 0.00000000 1.41760693 -0.03063460 0.00000000 1713596301.30990744 0
-0.01888788 -0.01206969 93.00165943 0.35286466 -0.02806897 0.00000000 1.42507004 -0.03119815 0.00000000 1713596301.31615353 0
-0.02027810 -0.00639836 93.13927427 0.30037796 -0.03890676 0.00000000 1.43159175 -0.03187064 0.00000000 1713596301.32249594 0
-0.02013762 -0.00771988 93.25529395 0.25530207 -0.03748647 0.00000000 1.43713944 -0.03263769 0.00000000 1713596301.33001828 0
-0.02173066 -0.00780536 93.28512989 0.23482502 -0.02561230 0.00000000 1.44203268 -0.03327125 0.00000000 1713596301.34205556 0
-0.01846770 -0.00996698 93.37093038 0.20140476 -0.02585240 0.00000000 1.44638782 -0.03378800 0.00000000 1713596301.34748578 0
-0.01651638 -0.01218348 93.56677354 0.13792687 -0.04064236 0.00000000 1.44977558 -0.03445566 0.00000000 1713596301.35242701 0
-0.02329289 -0.00892835 93.62122362 0.11074369 -0.02398164 0.00000000 1.45225820 -0.03510453 0.00000000 1713596301.35928702 0
-0.02337571 -0.01024597 93.48760725 0.05362541 -0.00981854 0.00000000 1.45389920 -0.03544391 0.00000000 1713596301.36946940 0
-0.01802699 -0.01560900 92.61304002 0.01496464 -0.02207269 0.00000000 1.45458398 -0.03576413 0.00000000 1713596301.37812877 0
-0.01823074 -0.01228977 91.65379720 0.01288621 -0.01787252 0.00000000 1.45486203 -0.03616521 0.00000000 1713596301.38622141 0
-0.01780725 -0.00787982 90.73957454 0.02482730 -0.00418441 0.00000000 1.45523854 -0.03638668 0.00000000 1713596301.39246559 0
-0.01285407 -0.00559029 89.92301644 0.01225253 -0.01045405 0.00000000 1.45560874 -0.03653366 0.00000000 1713596301.40627122 0
-0.02839755 -0.00829949 89.18545104 0.00479170 -0.01365895 0.00000000 1.45577890 -0.03677577 0.00000000 1713596301.41141605 0
-0.02077210 -0.00871322 88.20798441 0.01997489 -0.01267618 0.00000000 1.45602616 -0.03704020 0.00000000 1713596301.41639304 0
-0.02232134 -0.01097262 87.23202570 0.01587411 -0.01603522 0.00000000 1.45638406 -0.03732848 0.00000000 1713596301.42208457 0
-0.02536987 -0.00867694 86.22541519 0.01279240 -0.01072241 0.00000000 1.45667026 -0.03759715 0.00000000 1713596301.43401599 0
-0.02521787 -0.00979294 85.16027288 0.01343016 -0.00977192 0.00000000 1.45693205 -0.03780293 0.00000000 1713596301.44178414 0
-0.02534740 -0.00900197 84.09521109 0.01325454 -0.00981871 0.00000000 1.45719846 -0.03799963 0.00000000 1713596301.44763565 0
-0.02571332 -0.00948847 83.03326288 0.01298731 -0.01087590 0.00000000 1.45746045 -0.03820742 0.00000000 1713596301.45442963 0
-0.02562057 -0.00838477 81.96839915 0.01318089 -0.01070548 0.00000000 1.45772170 -0.03842412 0.00000000 1713596301.46404219 0
-0.02588035 -0.00816475 80.90425185 0.01333964 -0.01096623 0.00000000 1.45798647 -0.03864172 0.00000000 1713596301.46777844 0
-0.02589999 -0.00889756 79.86956285 0.01357584 -0.01035347 0.00000000 1.45825519 -0.03885578 0.00000000 1713596301.47208595 0
-0.02471107 -0.00866382 78.80311609 0.01404918 -0.00892433 0.00000000 1.45853099 -0.03904935 0.00000000 1713596301.47823858 0
-0.02453726 -0.00816462 77.76413428 0.01409526 -0.00942238 0.00000000 1.45881197 -0.03923356 0.00000000 1713596301.48425627 0
-0.02376129 -0.00861910 76.72438858 0.01417345 -0.00936674 0.00000000 1.45909419 -0.03942222 0.00000000 1713596301.48941898 0
-0.02472743 -0.00733101 75.68460752 0.01424103 -0.00933477 0.00000000 1.45937787 -0.03961000 0.00000000 1713596301.49514842 0
-0.02415486 -0.00645509 74.64565318 0.02183187 -0.00115316 0.00000000 1.45973801 -0.03971531 0.00000000 1713596301.50093246 0
-0.01448586 -0.00649322 74.04902427 0.01574577 0.00825451 0.02445511 1.46115885 -0.03946985 0.00000075 1713596305.87176657 0
-0.02088243 -0.00611794 73.68411750 0.05443054 0.01833868 0.00000000 1.46185946 -0.03920284 0.00000000 1713596305.87659454 0
-0.02359446 -0.00862508 73.50374899 0.09805035 0.01302283 0.00000000 1.46338177 -0.03888794 0.00000000 1713596305.88141823 0
-0.02436448 -0.00731357 73.45007771 0.14500483 0.02453314 0.00000000 1.46580834 -0.03851085 0.00000000 1713596305.88526583 0
-0.02448367 -0.00256081 73.56024211 0.17983553 0.02027329 0.00000000 1.46905142 -0.03806096 0.00000000 1713596305.88951278 0
-0.01661692 -0.00207456 73.60032133 0.21586823 0.02646679 0.00000000 1.47300197 -0.03759165 0.00000000 1713596305.89440989 0
-0.02638494 -0.00835930 73.30364589 0.22627190 0.01963140 0.00000000 1.47741612 -0.03712879 0.00000000 1713596305.89949918 0
-0.02335055 0.00028594 73.39282435 0.27257843 0.05355595 0.00000000 1.48239644 -0.03639393 0.00000000 1713596305.90477824 0
-0.02952835 0.00047834 73.01116060 0.31395801 0.10058157 0.00000000 1.48825219 -0.03484627 0.00000000 1713596305.90865397 0
-0.02753358 -0.00137064 72.82861152 0.37383196 0.11087040 0.00000000 1.49511882 -0.03272312 0.00000000 1713596305.91229653 0
-0.02453708 -0.00151814 72.86776117 0.38248569 0.11361171 0.00000000 1.50266959 -0.03046915 0.00000000 1713596305.92124033 0
-0.02633968 -0.00115524 72.83996942 0.38589835 0.12183173 0.00000000 1.51034084 -0.02810511 0.00000000 1713596305.92505431 0
-0.02752244 -0.00006837 72.96516673 0.36330702 0.06952405 0.00000000 1.51782061 -0.02618375 0.00000000 1713596305.92917609 0
-0.02958376 -0.00228936 72.96609953 0.37529371 0.10228206 0.00000000 1.52519450 -0.02445868 0.00000000 1713596305.94060540 0
-0.02964132 0.00474986 72.97352211 0.37188986 0.10657845 0.00000000 1.53265409 -0.02236156 0.00000000 1713596305.94690251 0
-0.02745543 -0.00229723 72.97672516 0.38549615 0.11825062 0.00000000 1.54021553 -0.02010410 0.00000000 1713596305.95103240 0
-0.02807716 -0.00033909 72.97879072 0.38763524 0.12034323 0.00000000 1.54793417 -0.01770843 0.00000000 1713596305.95633125 0
-0.02795862 0.00049240 72.98063679 0.38772347 0.11952847 0.00000000 1.55567505 -0.01529993 0.00000000 1713596305.96047211 0
-0.02882871 0.00053897 72.97867497 0.38783797 0.11938036 0.00000000 1.56341794 -0.01290109 0.00000000 1713596305.96501279 0
-0.02835268 0.00090805 72.97804288 0.38865401 0.11985966 0.00000000 1.57117013 -0.01049893 0.00000000 1713596305.97197652 0
-0.02951317 0.00104029 72.97761003 0.38805925 0.11962600 0.00000000 1.57892453 -0.00809431 0.00000000 1713596305.97984052 0
-0.02919790 0.00145986 72.97638670 0.38853423 0.11982146 0.00000000 1.58667773 -0.00569007 0.00000000 1713596305.98421645 0
-0.02965286 0.00133594 72.97852208 0.38870907 0.11989723 0.00000000 1.59443743 -0.00328311 0.00000000 1713596305.99037218 0
-0.02810558 0.00062443 72.97876051 0.38868905 0.11985311 0.00000000 1.60219866 -0.00087582 0.00000000 1713596306.00656724 0
-0.02857937 -0.00019134 72.98039885 0.38847238 0.11971505 0.00000000 1.60995753 0.00152963 0.00000000 1713596306.01118422 0
-0.02885455 0.00106387 72.98305521 0.38844870 0.11959002 0.00000000 1.61771401 0.00393244 0.00000000 1713596306.01568770 0
-0.02975173 0.00185340 72.98410537 0.38850610 0.11946847 0.00000000 1.62547082 0.00633277 0.00000000 1713596306.02008820 0
-0.02962219 0.00201244 72.98547978 0.38945225 0.12002140 0.00000000 1.63323765 0.00873744 0.00000000 1713596306.02480721 0
-0.02896957 0.00240965 72.98472525 0.38879050 0.11969635 0.00000000 1.64100732 0.01114440 0.00000000 1713596306.02993155 0
-0.02921462 0.00256702 72.98487350 0.38955526 0.12007803 0.00000000 1.64877801 0.01355192 0.00000000 1713596306.03444719 0
-0.02931940 0.00258997 73.00110529 0.37751263 0.10912415 0.00000000 1.65643612 0.01585329 0.00000000 1713596306.03812003 0
-0.02647463 0.00335488 73.01336017 0.38217876 0.11607490 0.00000000 1.66402058 0.01811446 0.00000000 1713596306.04196525 0
-0.02951844 0.00178330 73.04234157 0.46914716 0.15387535 0.00361522 1.67156049 0.02032566 0.00000026 1713596306.69578028 0
-0.02931001 0.00043894 73.00787302 0.48175241 0.16808998 -0.00000000 1.68105389 0.02355844 0.00000000 1713596307.40563846 1
-0.02841397 0.00143198 73.01004494 0.48207330 0.16783578 0.00000022 1.69228760 0.02726650 -0.00000000 1713596308.04948831 1
-0.03010584 0.00269569 73.04751971 0.47434548 0.15979893 0.00007732 2.27922036 0.15875663 -0.00000000 1713596308.68903971 1
-0.02945219 -0.00052372 73.08303363 0.46845593 0.14866094 0.00005510 2.70215520 0.08655778 0.00000000 1713596309.38697052 1
-0.02424610 0.00311574 73.12990633 0.48149865 0.16054530 0.00006519 3.18879988 0.00940331 0.00000000 1713596310.00348568 1
-0.02957613 0.00454855 73.17468002 0.47109936 0.15846430 0.00004295 3.51923386 -0.12039886 -0.00000000 1713596310.61636138 1
-0.02969330 0.00026057 73.21687222 0.46706545 0.14619563 0.00003911 3.82220561 -0.04566195 0.00000000 1713596311.26065254 1
-0.02429882 0.00306099 73.26812208 0.48165163 0.15994494 0.00007397 4.37278339 -0.08802818 0.00000000 1713596311.94081736 1
-0.02864774 0.00388553 73.31224889 0.47129630 0.15721804 0.00003985 4.68050652 -0.22663753 -0.00000000 1713596312.66236830 1
-0.02973801 0.00073381 73.34937425 0.46719196 0.14577110 0.00003667 4.96481139 -0.13412766 0.00000000 1713596313.25674248 1
-0.02431795 0.00309176 73.39592692 0.48257071 0.15968541 0.00006378 5.44085410 -0.16039698 0.00000000 1713596313.89991403 1
-0.03026657 0.00190643 73.43635409 0.47203903 0.15214019 0.00003395 5.70636539 -0.30228125 -0.00000000 1713596314.59927344 1
-0.02825776 0.00202969 73.46692165 0.48603144 0.16749228 0.00003785 5.99150135 -0.38949797 0.00000000 1713596315.24509025 1
-0.02838540 -0.00519014 73.47387528 0.48223910 0.14036118 0.00003585 6.27799712 -0.54720107 -0.00000000 1713596315.87211037 1
-0.02000430 0.00143229 73.52786547 0.50350777 0.15935405 0.00005936 6.72123352 -0.59482533 0.00000000 1713596319.92021537 1
-0.02852365 0.00253847 73.48175824 0.52124432 0.16861421 0.00003666 6.99475489 -0.85676426 -0.00000000 1713596320.57690096 1
-0.03061936 -0.00279367 73.51888338 0.51667422 0.15788377 0.00002528 7.19704530 -1.11326801 -0.00000000 1713596321.09889436 1
-0.02514496 -0.00006457 73.57078038 0.53104026 0.17150913 0.00004839 7.55949557 -1.27675800 -0.00000000 1713596321.83694530 1
-0.03064531 -0.00085910 73.61318696 0.52060610 0.16871624 0.00003596 7.84048297 -1.52156122 -0.00000000 1713596322.40806866 1
-0.03110305 -0.00561141 73.65233770 0.51652476 0.15739584 0.00002323 8.02581920 -1.71849406 0.00000000 1713596322.99140143 1
-0.02450720 -0.00187119 73.69668814 0.53203991 0.17108707 0.00004423 8.35805803 -1.85254369 -0.00000000 1713596323.55182958 1
-0.03090918 -0.00054011 73.73679264 0.52186800 0.16459972 0.00003160 8.60772729 -2.08727265 -0.00000000 1713596324.10476184 1
-0.02883339 -0.00130716 73.72723644 0.53582791 0.17788958 0.00002783 8.81958523 -2.27860800 0.00000000 1713596324.70916033 1
